0.000000 5.000000 0.024876 -4.975124 ;
0.001000 5.000000 0.074379 -4.925621 ;
0.002000 5.000000 0.123390 -4.876610 ;
0.003000 5.000000 0.171914 -4.828086 ;
0.004000 5.000000 0.219955 -4.780045 ;
0.005000 5.000000 0.267517 -4.732483 ;
0.006000 5.000000 0.314607 -4.685393 ;
0.007000 5.000000 0.361227 -4.638773 ;
0.008000 5.000000 0.407384 -4.592616 ;
0.009000 5.000000 0.453082 -4.546918 ;
0.010000 5.000000 0.498325 -4.501675 ;
0.011000 5.000000 0.543118 -4.456882 ;
0.012000 5.000000 0.587465 -4.412535 ;
0.013000 5.000000 0.631371 -4.368629 ;
0.014000 5.000000 0.674840 -4.325160 ;
0.015000 5.000000 0.717876 -4.282124 ;
0.016000 5.000000 0.760484 -4.239516 ;
0.017000 5.000000 0.802669 -4.197331 ;
0.018000 5.000000 0.844433 -4.155567 ;
0.019000 5.000000 0.885782 -4.114218 ;
0.020000 5.000000 0.926719 -4.073281 ;
0.021000 5.000000 0.967250 -4.032750 ;
0.022000 5.000000 1.007376 -3.992624 ;
0.023000 5.000000 1.047104 -3.952896 ;
0.024000 5.000000 1.086436 -3.913564 ;
0.025000 5.000000 1.125377 -3.874623 ;
0.026000 5.000000 1.163931 -3.836069 ;
0.027000 5.000000 1.202101 -3.797899 ;
0.028000 5.000000 1.239891 -3.760109 ;
0.029000 5.000000 1.277305 -3.722695 ;
0.030000 5.000000 1.314346 -3.685654 ;
0.031000 5.000000 1.351020 -3.648980 ;
0.032000 5.000000 1.387328 -3.612672 ;
0.033000 5.000000 1.423275 -3.576725 ;
0.034000 5.000000 1.458864 -3.541136 ;
0.035000 5.000000 1.494099 -3.505901 ;
0.036000 5.000000 1.528984 -3.471016 ;
0.037000 5.000000 1.563521 -3.436479 ;
0.038000 5.000000 1.597715 -3.402285 ;
0.039000 5.000000 1.631569 -3.368431 ;
0.040000 5.000000 1.665086 -3.334914 ;
0.041000 5.000000 1.698269 -3.301731 ;
0.042000 5.000000 1.731122 -3.268878 ;
0.043000 5.000000 1.763648 -3.236352 ;
0.044000 5.000000 1.795850 -3.204150 ;
0.045000 5.000000 1.827733 -3.172267 ;
0.046000 5.000000 1.859297 -3.140703 ;
0.047000 5.000000 1.890548 -3.109452 ;
0.048000 5.000000 1.921488 -3.078512 ;
0.049000 5.000000 1.952120 -3.047880 ;
0.050000 5.000000 1.982447 -3.017553 ;
0.051000 5.000000 2.012473 -2.987527 ;
0.052000 5.000000 2.042199 -2.957801 ;
0.053000 5.000000 2.071630 -2.928370 ;
0.054000 5.000000 2.100768 -2.899232 ;
0.055000 5.000000 2.129616 -2.870384 ;
0.056000 5.000000 2.158177 -2.841823 ;
0.057000 5.000000 2.186454 -2.813546 ;
0.058000 5.000000 2.214449 -2.785551 ;
0.059000 5.000000 2.242166 -2.757834 ;
0.060000 5.000000 2.269608 -2.730392 ;
0.061000 5.000000 2.296776 -2.703224 ;
0.062000 5.000000 2.323673 -2.676327 ;
0.063000 5.000000 2.350303 -2.649697 ;
0.064000 5.000000 2.376669 -2.623331 ;
0.065000 5.000000 2.402771 -2.597229 ;
0.066000 5.000000 2.428614 -2.571386 ;
0.067000 5.000000 2.454200 -2.545800 ;
0.068000 5.000000 2.479532 -2.520468 ;
0.069000 5.000000 2.504611 -2.495389 ;
0.070000 5.000000 2.529441 -2.470559 ;
0.071000 5.000000 2.554023 -2.445977 ;
0.072000 5.000000 2.578362 -2.421638 ;
0.073000 5.000000 2.602457 -2.397543 ;
0.074000 5.000000 2.626314 -2.373686 ;
0.075000 5.000000 2.649932 -2.350068 ;
0.076000 5.000000 2.673316 -2.326684 ;
0.077000 5.000000 2.696467 -2.303533 ;
0.078000 5.000000 2.719388 -2.280612 ;
0.079000 5.000000 2.742081 -2.257919 ;
0.080000 5.000000 2.764547 -2.235453 ;
0.081000 5.000000 2.786791 -2.213209 ;
0.082000 5.000000 2.808813 -2.191187 ;
0.083000 5.000000 2.830616 -2.169384 ;
0.084000 5.000000 2.852201 -2.147799 ;
0.085000 5.000000 2.873573 -2.126427 ;
0.086000 5.000000 2.894731 -2.105269 ;
0.087000 5.000000 2.915679 -2.084321 ;
0.088000 5.000000 2.936419 -2.063581 ;
0.089000 5.000000 2.956952 -2.043048 ;
0.090000 5.000000 2.977281 -2.022719 ;
0.091000 5.000000 2.997407 -2.002593 ;
0.092000 5.000000 3.017333 -1.982667 ;
0.093000 5.000000 3.037061 -1.962939 ;
0.094000 5.000000 3.056593 -1.943407 ;
0.095000 5.000000 3.075931 -1.924069 ;
0.096000 5.000000 3.095076 -1.904924 ;
0.097000 5.000000 3.114030 -1.885970 ;
0.098000 5.000000 3.132796 -1.867204 ;
0.099000 5.000000 3.151375 -1.848625 ;
0.100000 5.000000 3.169769 -1.830231 ;
0.101000 5.000000 3.187981 -1.812019 ;
0.102000 5.000000 3.206011 -1.793989 ;
0.103000 5.000000 3.223861 -1.776139 ;
0.104000 5.000000 3.241534 -1.758466 ;
0.105000 5.000000 3.259031 -1.740969 ;
0.106000 5.000000 3.276354 -1.723646 ;
0.107000 5.000000 3.293505 -1.706495 ;
0.108000 5.000000 3.310485 -1.689515 ;
0.109000 5.000000 3.327296 -1.672704 ;
0.110000 5.000000 3.343940 -1.656060 ;
0.111000 5.000000 3.360418 -1.639582 ;
0.112000 5.000000 3.376733 -1.623267 ;
0.113000 5.000000 3.392885 -1.607115 ;
0.114000 5.000000 3.408876 -1.591124 ;
0.115000 5.000000 3.424708 -1.575292 ;
0.116000 5.000000 3.440382 -1.559618 ;
0.117000 5.000000 3.455901 -1.544099 ;
0.118000 5.000000 3.471265 -1.528735 ;
0.119000 5.000000 3.486476 -1.513524 ;
0.120000 5.000000 3.501536 -1.498464 ;
0.121000 5.000000 3.516446 -1.483554 ;
0.122000 5.000000 3.531208 -1.468792 ;
0.123000 5.000000 3.545823 -1.454177 ;
0.124000 5.000000 3.560292 -1.439708 ;
0.125000 5.000000 3.574618 -1.425382 ;
0.126000 5.000000 3.588801 -1.411199 ;
0.127000 5.000000 3.602843 -1.397157 ;
0.128000 5.000000 3.616745 -1.383255 ;
0.129000 5.000000 3.630508 -1.369492 ;
0.130000 5.000000 3.644135 -1.355865 ;
0.131000 5.000000 3.657626 -1.342374 ;
0.132000 5.000000 3.670983 -1.329017 ;
0.133000 5.000000 3.684207 -1.315793 ;
0.134000 5.000000 3.697300 -1.302700 ;
0.135000 5.000000 3.710262 -1.289738 ;
0.136000 5.000000 3.723095 -1.276905 ;
0.137000 5.000000 3.735801 -1.264199 ;
0.138000 5.000000 3.748380 -1.251620 ;
0.139000 5.000000 3.760834 -1.239166 ;
0.140000 5.000000 3.773164 -1.226836 ;
0.141000 5.000000 3.785371 -1.214629 ;
0.142000 5.000000 3.797457 -1.202543 ;
0.143000 5.000000 3.809423 -1.190577 ;
0.144000 5.000000 3.821269 -1.178731 ;
0.145000 5.000000 3.832998 -1.167002 ;
0.146000 5.000000 3.844610 -1.155390 ;
0.147000 5.000000 3.856106 -1.143894 ;
0.148000 5.000000 3.867488 -1.132512 ;
0.149000 5.000000 3.878757 -1.121243 ;
0.150000 5.000000 3.889914 -1.110086 ;
0.151000 5.000000 3.900959 -1.099041 ;
0.152000 5.000000 3.911895 -1.088105 ;
0.153000 5.000000 3.922722 -1.077278 ;
0.154000 5.000000 3.933441 -1.066559 ;
0.155000 5.000000 3.944054 -1.055946 ;
0.156000 5.000000 3.954561 -1.045439 ;
0.157000 5.000000 3.964963 -1.035037 ;
0.158000 5.000000 3.975262 -1.024738 ;
0.159000 5.000000 3.985458 -1.014542 ;
0.160000 5.000000 3.995553 -1.004447 ;
0.161000 5.000000 4.005548 -0.994452 ;
0.162000 5.000000 4.015443 -0.984557 ;
0.163000 5.000000 4.025239 -0.974761 ;
0.164000 5.000000 4.034938 -0.965062 ;
0.165000 5.000000 4.044541 -0.955459 ;
0.166000 5.000000 4.054048 -0.945952 ;
0.167000 5.000000 4.063460 -0.936540 ;
0.168000 5.000000 4.072779 -0.927221 ;
0.169000 5.000000 4.082005 -0.917995 ;
0.170000 5.000000 4.091140 -0.908860 ;
0.171000 5.000000 4.100183 -0.899817 ;
0.172000 5.000000 4.109136 -0.890864 ;
0.173000 5.000000 4.118001 -0.881999 ;
0.174000 5.000000 4.126777 -0.873223 ;
0.175000 5.000000 4.135466 -0.864534 ;
0.176000 5.000000 4.144068 -0.855932 ;
0.177000 5.000000 4.152585 -0.847415 ;
0.178000 5.000000 4.161017 -0.838983 ;
0.179000 5.000000 4.169365 -0.830635 ;
0.180000 5.000000 4.177630 -0.822370 ;
0.181000 5.000000 4.185813 -0.814187 ;
0.182000 5.000000 4.193914 -0.806086 ;
0.183000 5.000000 4.201935 -0.798065 ;
0.184000 5.000000 4.209876 -0.790124 ;
0.185000 5.000000 4.217738 -0.782262 ;
0.186000 5.000000 4.225521 -0.774479 ;
0.187000 5.000000 4.233228 -0.766772 ;
0.188000 5.000000 4.240857 -0.759143 ;
0.189000 5.000000 4.248411 -0.751589 ;
0.190000 5.000000 4.255889 -0.744111 ;
0.191000 5.000000 4.263293 -0.736707 ;
0.192000 5.000000 4.270624 -0.729376 ;
0.193000 5.000000 4.277881 -0.722119 ;
0.194000 5.000000 4.285067 -0.714933 ;
0.195000 5.000000 4.292180 -0.707820 ;
0.196000 5.000000 4.299223 -0.700777 ;
0.197000 5.000000 4.306196 -0.693804 ;
0.198000 5.000000 4.313100 -0.686900 ;
0.199000 5.000000 4.319935 -0.680065 ;
0.200000 5.000000 4.326701 -0.673299 ;
0.201000 5.000000 4.333401 -0.666599 ;
0.202000 5.000000 4.340034 -0.659966 ;
0.203000 5.000000 4.346601 -0.653399 ;
0.204000 5.000000 4.353102 -0.646898 ;
0.205000 5.000000 4.359539 -0.640461 ;
0.206000 5.000000 4.365912 -0.634088 ;
0.207000 5.000000 4.372221 -0.627779 ;
0.208000 5.000000 4.378467 -0.621533 ;
0.209000 5.000000 4.384652 -0.615348 ;
0.210000 5.000000 4.390775 -0.609225 ;
0.211000 5.000000 4.396837 -0.603163 ;
0.212000 5.000000 4.402838 -0.597162 ;
0.213000 5.000000 4.408780 -0.591220 ;
0.214000 5.000000 4.414663 -0.585337 ;
0.215000 5.000000 4.420487 -0.579513 ;
0.216000 5.000000 4.426254 -0.573746 ;
0.217000 5.000000 4.431962 -0.568038 ;
0.218000 5.000000 4.437615 -0.562385 ;
0.219000 5.000000 4.443210 -0.556790 ;
0.220000 5.000000 4.448751 -0.551249 ;
0.221000 5.000000 4.454236 -0.545764 ;
0.222000 5.000000 4.459666 -0.540334 ;
0.223000 5.000000 4.465043 -0.534957 ;
0.224000 5.000000 4.470366 -0.529634 ;
0.225000 5.000000 4.475636 -0.524364 ;
0.226000 5.000000 4.480853 -0.519147 ;
0.227000 5.000000 4.486019 -0.513981 ;
0.228000 5.000000 4.491133 -0.508867 ;
0.229000 5.000000 4.496196 -0.503804 ;
0.230000 5.000000 4.501209 -0.498791 ;
0.231000 5.000000 4.506172 -0.493828 ;
0.232000 5.000000 4.511086 -0.488914 ;
0.233000 5.000000 4.515951 -0.484049 ;
0.234000 5.000000 4.520767 -0.479233 ;
0.235000 5.000000 4.525536 -0.474464 ;
0.236000 5.000000 4.530257 -0.469743 ;
0.237000 5.000000 4.534931 -0.465069 ;
0.238000 5.000000 4.539558 -0.460442 ;
0.239000 5.000000 4.544140 -0.455860 ;
0.240000 5.000000 4.548676 -0.451324 ;
0.241000 5.000000 4.553167 -0.446833 ;
0.242000 5.000000 4.557613 -0.442387 ;
0.243000 5.000000 4.562015 -0.437985 ;
0.244000 5.000000 4.566373 -0.433627 ;
0.245000 5.000000 4.570687 -0.429313 ;
0.246000 5.000000 4.574959 -0.425041 ;
0.247000 5.000000 4.579188 -0.420812 ;
0.248000 5.000000 4.583376 -0.416624 ;
0.249000 5.000000 4.587521 -0.412479 ;
0.250000 5.000000 4.591625 -0.408375 ;
0.251000 5.000000 4.595689 -0.404311 ;
0.252000 5.000000 4.599712 -0.400288 ;
0.253000 5.000000 4.603695 -0.396305 ;
0.254000 5.000000 4.607638 -0.392362 ;
0.255000 5.000000 4.611542 -0.388458 ;
0.256000 5.000000 4.615408 -0.384592 ;
0.257000 5.000000 4.619234 -0.380766 ;
0.258000 5.000000 4.623023 -0.376977 ;
0.259000 5.000000 4.626774 -0.373226 ;
0.260000 5.000000 4.630488 -0.369512 ;
0.261000 5.000000 4.634164 -0.365836 ;
0.262000 5.000000 4.637805 -0.362195 ;
0.263000 5.000000 4.641409 -0.358591 ;
0.264000 5.000000 4.644977 -0.355023 ;
0.265000 5.000000 4.648509 -0.351491 ;
0.266000 5.000000 4.652007 -0.347993 ;
0.267000 5.000000 4.655469 -0.344531 ;
0.268000 5.000000 4.658897 -0.341103 ;
0.269000 5.000000 4.662291 -0.337709 ;
0.270000 5.000000 4.665652 -0.334348 ;
0.271000 5.000000 4.668979 -0.331021 ;
0.272000 5.000000 4.672272 -0.327728 ;
0.273000 5.000000 4.675533 -0.324467 ;
0.274000 5.000000 4.678762 -0.321238 ;
0.275000 5.000000 4.681958 -0.318042 ;
0.276000 5.000000 4.685123 -0.314877 ;
0.277000 5.000000 4.688256 -0.311744 ;
0.278000 5.000000 4.691358 -0.308642 ;
0.279000 5.000000 4.694429 -0.305571 ;
0.280000 5.000000 4.697469 -0.302531 ;
0.281000 5.000000 4.700480 -0.299520 ;
0.282000 5.000000 4.703460 -0.296540 ;
0.283000 5.000000 4.706411 -0.293589 ;
0.284000 5.000000 4.709332 -0.290668 ;
0.285000 5.000000 4.712224 -0.287776 ;
0.286000 5.000000 4.715088 -0.284912 ;
0.287000 5.000000 4.717923 -0.282077 ;
0.288000 5.000000 4.720729 -0.279271 ;
0.289000 5.000000 4.723508 -0.276492 ;
0.290000 5.000000 4.726259 -0.273741 ;
0.291000 5.000000 4.728983 -0.271017 ;
0.292000 5.000000 4.731680 -0.268320 ;
0.293000 5.000000 4.734350 -0.265650 ;
0.294000 5.000000 4.736993 -0.263007 ;
0.295000 5.000000 4.739610 -0.260390 ;
0.296000 5.000000 4.742201 -0.257799 ;
0.297000 5.000000 4.744766 -0.255234 ;
0.298000 5.000000 4.747306 -0.252694 ;
0.299000 5.000000 4.749820 -0.250180 ;
0.300000 5.000000 4.752309 -0.247691 ;
0.301000 5.000000 4.754774 -0.245226 ;
0.302000 5.000000 4.757214 -0.242786 ;
0.303000 5.000000 4.759630 -0.240370 ;
0.304000 5.000000 4.762022 -0.237978 ;
0.305000 5.000000 4.764389 -0.235611 ;
0.306000 5.000000 4.766734 -0.233266 ;
0.307000 5.000000 4.769055 -0.230945 ;
0.308000 5.000000 4.771353 -0.228647 ;
0.309000 5.000000 4.773628 -0.226372 ;
0.310000 5.000000 4.775880 -0.224120 ;
0.311000 5.000000 4.778110 -0.221890 ;
0.312000 5.000000 4.780318 -0.219682 ;
0.313000 5.000000 4.782504 -0.217496 ;
0.314000 5.000000 4.784668 -0.215332 ;
0.315000 5.000000 4.786811 -0.213189 ;
0.316000 5.000000 4.788932 -0.211068 ;
0.317000 5.000000 4.791032 -0.208968 ;
0.318000 5.000000 4.793112 -0.206888 ;
0.319000 5.000000 4.795170 -0.204830 ;
0.320000 5.000000 4.797208 -0.202792 ;
0.321000 5.000000 4.799226 -0.200774 ;
0.322000 5.000000 4.801224 -0.198776 ;
0.323000 5.000000 4.803202 -0.196798 ;
0.324000 5.000000 4.805160 -0.194840 ;
0.325000 5.000000 4.807099 -0.192901 ;
0.326000 5.000000 4.809018 -0.190982 ;
0.327000 5.000000 4.810918 -0.189082 ;
0.328000 5.000000 4.812800 -0.187200 ;
0.329000 5.000000 4.814663 -0.185337 ;
0.330000 5.000000 4.816507 -0.183493 ;
0.331000 5.000000 4.818333 -0.181667 ;
0.332000 5.000000 4.820140 -0.179860 ;
0.333000 5.000000 4.821930 -0.178070 ;
0.334000 5.000000 4.823702 -0.176298 ;
0.335000 5.000000 4.825456 -0.174544 ;
0.336000 5.000000 4.827193 -0.172807 ;
0.337000 5.000000 4.828912 -0.171088 ;
0.338000 5.000000 4.830614 -0.169386 ;
0.339000 5.000000 4.832300 -0.167700 ;
0.340000 5.000000 4.833969 -0.166031 ;
0.341000 5.000000 4.835621 -0.164379 ;
0.342000 5.000000 4.837256 -0.162744 ;
0.343000 5.000000 4.838876 -0.161124 ;
0.344000 5.000000 4.840479 -0.159521 ;
0.345000 5.000000 4.842066 -0.157934 ;
0.346000 5.000000 4.843638 -0.156362 ;
0.347000 5.000000 4.845193 -0.154807 ;
0.348000 5.000000 4.846734 -0.153266 ;
0.349000 5.000000 4.848259 -0.151741 ;
0.350000 5.000000 4.849769 -0.150231 ;
0.351000 5.000000 4.851263 -0.148737 ;
0.352000 5.000000 4.852743 -0.147257 ;
0.353000 5.000000 4.854209 -0.145791 ;
0.354000 5.000000 4.855659 -0.144341 ;
0.355000 5.000000 4.857096 -0.142904 ;
0.356000 5.000000 4.858518 -0.141482 ;
0.357000 5.000000 4.859925 -0.140075 ;
0.358000 5.000000 4.861319 -0.138681 ;
0.359000 5.000000 4.862699 -0.137301 ;
0.360000 5.000000 4.864065 -0.135935 ;
0.361000 5.000000 4.865418 -0.134582 ;
0.362000 5.000000 4.866757 -0.133243 ;
0.363000 5.000000 4.868083 -0.131917 ;
0.364000 5.000000 4.869395 -0.130605 ;
0.365000 5.000000 4.870695 -0.129305 ;
0.366000 5.000000 4.871981 -0.128019 ;
0.367000 5.000000 4.873255 -0.126745 ;
0.368000 5.000000 4.874516 -0.125484 ;
0.369000 5.000000 4.875765 -0.124235 ;
0.370000 5.000000 4.877001 -0.122999 ;
0.371000 5.000000 4.878225 -0.121775 ;
0.372000 5.000000 4.879437 -0.120563 ;
0.373000 5.000000 4.880636 -0.119364 ;
0.374000 5.000000 4.881824 -0.118176 ;
0.375000 5.000000 4.883000 -0.117000 ;
0.376000 5.000000 4.884164 -0.115836 ;
0.377000 5.000000 4.885317 -0.114683 ;
0.378000 5.000000 4.886458 -0.113542 ;
0.379000 5.000000 4.887588 -0.112412 ;
0.380000 5.000000 4.888706 -0.111294 ;
0.381000 5.000000 4.889814 -0.110186 ;
0.382000 5.000000 4.890910 -0.109090 ;
0.383000 5.000000 4.891995 -0.108005 ;
0.384000 5.000000 4.893070 -0.106930 ;
0.385000 5.000000 4.894134 -0.105866 ;
0.386000 5.000000 4.895187 -0.104813 ;
0.387000 5.000000 4.896230 -0.103770 ;
0.388000 5.000000 4.897263 -0.102737 ;
0.389000 5.000000 4.898285 -0.101715 ;
0.390000 5.000000 4.899297 -0.100703 ;
0.391000 5.000000 4.900299 -0.099701 ;
0.392000 5.000000 4.901291 -0.098709 ;
0.393000 5.000000 4.902273 -0.097727 ;
0.394000 5.000000 4.903246 -0.096754 ;
0.395000 5.000000 4.904209 -0.095791 ;
0.396000 5.000000 4.905162 -0.094838 ;
0.397000 5.000000 4.906105 -0.093895 ;
0.398000 5.000000 4.907040 -0.092960 ;
0.399000 5.000000 4.907965 -0.092035 ;
0.400000 5.000000 4.908880 -0.091120 ;
0.401000 5.000000 4.909787 -0.090213 ;
0.402000 5.000000 4.910685 -0.089315 ;
0.403000 5.000000 4.911573 -0.088427 ;
0.404000 5.000000 4.912453 -0.087547 ;
0.405000 5.000000 4.913324 -0.086676 ;
0.406000 5.000000 4.914187 -0.085813 ;
0.407000 5.000000 4.915041 -0.084959 ;
0.408000 5.000000 4.915886 -0.084114 ;
0.409000 5.000000 4.916723 -0.083277 ;
0.410000 5.000000 4.917552 -0.082448 ;
0.411000 5.000000 4.918372 -0.081628 ;
0.412000 5.000000 4.919184 -0.080816 ;
0.413000 5.000000 4.919988 -0.080012 ;
0.414000 5.000000 4.920785 -0.079215 ;
0.415000 5.000000 4.921573 -0.078427 ;
0.416000 5.000000 4.922353 -0.077647 ;
0.417000 5.000000 4.923126 -0.076874 ;
0.418000 5.000000 4.923891 -0.076109 ;
0.419000 5.000000 4.924648 -0.075352 ;
0.420000 5.000000 4.925398 -0.074602 ;
0.421000 5.000000 4.926140 -0.073860 ;
0.422000 5.000000 4.926875 -0.073125 ;
0.423000 5.000000 4.927603 -0.072397 ;
0.424000 5.000000 4.928323 -0.071677 ;
0.425000 5.000000 4.929036 -0.070964 ;
0.426000 5.000000 4.929742 -0.070258 ;
0.427000 5.000000 4.930441 -0.069559 ;
0.428000 5.000000 4.931133 -0.068867 ;
0.429000 5.000000 4.931819 -0.068181 ;
0.430000 5.000000 4.932497 -0.067503 ;
0.431000 5.000000 4.933169 -0.066831 ;
0.432000 5.000000 4.933834 -0.066166 ;
0.433000 5.000000 4.934492 -0.065508 ;
0.434000 5.000000 4.935144 -0.064856 ;
0.435000 5.000000 4.935789 -0.064211 ;
0.436000 5.000000 4.936428 -0.063572 ;
0.437000 5.000000 4.937061 -0.062939 ;
0.438000 5.000000 4.937687 -0.062313 ;
0.439000 5.000000 4.938307 -0.061693 ;
0.440000 5.000000 4.938921 -0.061079 ;
0.441000 5.000000 4.939529 -0.060471 ;
0.442000 5.000000 4.940130 -0.059870 ;
0.443000 5.000000 4.940726 -0.059274 ;
0.444000 5.000000 4.941316 -0.058684 ;
0.445000 5.000000 4.941900 -0.058100 ;
0.446000 5.000000 4.942478 -0.057522 ;
0.447000 5.000000 4.943050 -0.056950 ;
0.448000 5.000000 4.943617 -0.056383 ;
0.449000 5.000000 4.944178 -0.055822 ;
0.450000 5.000000 4.944733 -0.055267 ;
0.451000 5.000000 4.945283 -0.054717 ;
0.452000 5.000000 4.945828 -0.054172 ;
0.453000 5.000000 4.946367 -0.053633 ;
0.454000 5.000000 4.946900 -0.053100 ;
0.455000 5.000000 4.947429 -0.052571 ;
0.456000 5.000000 4.947952 -0.052048 ;
0.457000 5.000000 4.948470 -0.051530 ;
0.458000 5.000000 4.948983 -0.051017 ;
0.459000 5.000000 4.949490 -0.050510 ;
0.460000 5.000000 4.949993 -0.050007 ;
0.461000 5.000000 4.950490 -0.049510 ;
0.462000 5.000000 4.950983 -0.049017 ;
0.463000 5.000000 4.951471 -0.048529 ;
0.464000 5.000000 4.951954 -0.048046 ;
0.465000 5.000000 4.952432 -0.047568 ;
0.466000 5.000000 4.952905 -0.047095 ;
0.467000 5.000000 4.953374 -0.046626 ;
0.468000 5.000000 4.953838 -0.046162 ;
0.469000 5.000000 4.954297 -0.045703 ;
0.470000 5.000000 4.954752 -0.045248 ;
0.471000 5.000000 4.955202 -0.044798 ;
0.472000 5.000000 4.955648 -0.044352 ;
0.473000 5.000000 4.956089 -0.043911 ;
0.474000 5.000000 4.956526 -0.043474 ;
0.475000 5.000000 4.956958 -0.043042 ;
0.476000 5.000000 4.957387 -0.042613 ;
0.477000 5.000000 4.957811 -0.042189 ;
0.478000 5.000000 4.958231 -0.041769 ;
0.479000 5.000000 4.958646 -0.041354 ;
0.480000 5.000000 4.959058 -0.040942 ;
0.481000 5.000000 4.959465 -0.040535 ;
0.482000 5.000000 4.959868 -0.040132 ;
0.483000 5.000000 4.960268 -0.039732 ;
0.484000 5.000000 4.960663 -0.039337 ;
0.485000 5.000000 4.961054 -0.038946 ;
0.486000 5.000000 4.961442 -0.038558 ;
0.487000 5.000000 4.961826 -0.038174 ;
0.488000 5.000000 4.962205 -0.037795 ;
0.489000 5.000000 4.962582 -0.037418 ;
0.490000 5.000000 4.962954 -0.037046 ;
0.491000 5.000000 4.963322 -0.036678 ;
0.492000 5.000000 4.963687 -0.036313 ;
0.493000 5.000000 4.964049 -0.035951 ;
0.494000 5.000000 4.964406 -0.035594 ;
0.495000 5.000000 4.964761 -0.035239 ;
0.496000 5.000000 4.965111 -0.034889 ;
0.497000 5.000000 4.965458 -0.034542 ;
0.498000 5.000000 4.965802 -0.034198 ;
0.499000 5.000000 4.966142 -0.033858 ;
0.500000 5.000000 4.966479 -0.033521 ;
0.501000 5.000000 4.966813 -0.033187 ;
0.502000 5.000000 4.967143 -0.032857 ;
0.503000 5.000000 4.967470 -0.032530 ;
0.504000 5.000000 4.967794 -0.032206 ;
0.505000 5.000000 4.968114 -0.031886 ;
0.506000 5.000000 4.968431 -0.031569 ;
0.507000 5.000000 4.968745 -0.031255 ;
0.508000 5.000000 4.969056 -0.030944 ;
0.509000 5.000000 4.969364 -0.030636 ;
0.510000 5.000000 4.969669 -0.030331 ;
0.511000 5.000000 4.969971 -0.030029 ;
0.512000 5.000000 4.970270 -0.029730 ;
0.513000 5.000000 4.970566 -0.029434 ;
0.514000 5.000000 4.970859 -0.029141 ;
0.515000 5.000000 4.971148 -0.028852 ;
0.516000 5.000000 4.971436 -0.028564 ;
0.517000 5.000000 4.971720 -0.028280 ;
0.518000 5.000000 4.972001 -0.027999 ;
0.519000 5.000000 4.972280 -0.027720 ;
0.520000 5.000000 4.972556 -0.027444 ;
0.521000 5.000000 4.972829 -0.027171 ;
0.522000 5.000000 4.973099 -0.026901 ;
0.523000 5.000000 4.973367 -0.026633 ;
0.524000 5.000000 4.973632 -0.026368 ;
0.525000 5.000000 4.973894 -0.026106 ;
0.526000 5.000000 4.974154 -0.025846 ;
0.527000 5.000000 4.974411 -0.025589 ;
0.528000 5.000000 4.974666 -0.025334 ;
0.529000 5.000000 4.974918 -0.025082 ;
0.530000 5.000000 4.975167 -0.024833 ;
0.531000 5.000000 4.975414 -0.024586 ;
0.532000 5.000000 4.975659 -0.024341 ;
0.533000 5.000000 4.975901 -0.024099 ;
0.534000 5.000000 4.976141 -0.023859 ;
0.535000 5.000000 4.976378 -0.023622 ;
0.536000 5.000000 4.976613 -0.023387 ;
0.537000 5.000000 4.976846 -0.023154 ;
0.538000 5.000000 4.977077 -0.022923 ;
0.539000 5.000000 4.977305 -0.022695 ;
0.540000 5.000000 4.977530 -0.022470 ;
0.541000 5.000000 4.977754 -0.022246 ;
0.542000 5.000000 4.977975 -0.022025 ;
0.543000 5.000000 4.978195 -0.021805 ;
0.544000 5.000000 4.978412 -0.021588 ;
0.545000 5.000000 4.978626 -0.021374 ;
0.546000 5.000000 4.978839 -0.021161 ;
0.547000 5.000000 4.979050 -0.020950 ;
0.548000 5.000000 4.979258 -0.020742 ;
0.549000 5.000000 4.979464 -0.020536 ;
0.550000 5.000000 4.979669 -0.020331 ;
0.551000 5.000000 4.979871 -0.020129 ;
0.552000 5.000000 4.980071 -0.019929 ;
0.553000 5.000000 4.980270 -0.019730 ;
0.554000 5.000000 4.980466 -0.019534 ;
0.555000 5.000000 4.980660 -0.019340 ;
0.556000 5.000000 4.980853 -0.019147 ;
0.557000 5.000000 4.981043 -0.018957 ;
0.558000 5.000000 4.981232 -0.018768 ;
0.559000 5.000000 4.981419 -0.018581 ;
0.560000 5.000000 4.981604 -0.018396 ;
0.561000 5.000000 4.981787 -0.018213 ;
0.562000 5.000000 4.981968 -0.018032 ;
0.563000 5.000000 4.982147 -0.017853 ;
0.564000 5.000000 4.982325 -0.017675 ;
0.565000 5.000000 4.982501 -0.017499 ;
0.566000 5.000000 4.982675 -0.017325 ;
0.567000 5.000000 4.982847 -0.017153 ;
0.568000 5.000000 4.983018 -0.016982 ;
0.569000 5.000000 4.983187 -0.016813 ;
0.570000 5.000000 4.983354 -0.016646 ;
0.571000 5.000000 4.983520 -0.016480 ;
0.572000 5.000000 4.983684 -0.016316 ;
0.573000 5.000000 4.983846 -0.016154 ;
0.574000 5.000000 4.984007 -0.015993 ;
0.575000 5.000000 4.984166 -0.015834 ;
0.576000 5.000000 4.984324 -0.015676 ;
0.577000 5.000000 4.984480 -0.015520 ;
0.578000 5.000000 4.984634 -0.015366 ;
0.579000 5.000000 4.984787 -0.015213 ;
0.580000 5.000000 4.984938 -0.015062 ;
0.581000 5.000000 4.985088 -0.014912 ;
0.582000 5.000000 4.985237 -0.014763 ;
0.583000 5.000000 4.985383 -0.014617 ;
0.584000 5.000000 4.985529 -0.014471 ;
0.585000 5.000000 4.985673 -0.014327 ;
0.586000 5.000000 4.985815 -0.014185 ;
0.587000 5.000000 4.985957 -0.014043 ;
0.588000 5.000000 4.986096 -0.013904 ;
0.589000 5.000000 4.986235 -0.013765 ;
0.590000 5.000000 4.986372 -0.013628 ;
0.591000 5.000000 4.986507 -0.013493 ;
0.592000 5.000000 4.986641 -0.013359 ;
0.593000 5.000000 4.986774 -0.013226 ;
0.594000 5.000000 4.986906 -0.013094 ;
0.595000 5.000000 4.987036 -0.012964 ;
0.596000 5.000000 4.987165 -0.012835 ;
0.597000 5.000000 4.987293 -0.012707 ;
0.598000 5.000000 4.987419 -0.012581 ;
0.599000 5.000000 4.987545 -0.012455 ;
0.600000 5.000000 4.987669 -0.012331 ;
0.601000 5.000000 4.987791 -0.012209 ;
0.602000 5.000000 4.987913 -0.012087 ;
0.603000 5.000000 4.988033 -0.011967 ;
0.604000 5.000000 4.988152 -0.011848 ;
0.605000 5.000000 4.988270 -0.011730 ;
0.606000 5.000000 4.988387 -0.011613 ;
0.607000 5.000000 4.988502 -0.011498 ;
0.608000 5.000000 4.988617 -0.011383 ;
0.609000 5.000000 4.988730 -0.011270 ;
0.610000 5.000000 4.988842 -0.011158 ;
0.611000 5.000000 4.988953 -0.011047 ;
0.612000 5.000000 4.989063 -0.010937 ;
0.613000 5.000000 4.989172 -0.010828 ;
0.614000 5.000000 4.989280 -0.010720 ;
0.615000 5.000000 4.989386 -0.010614 ;
0.616000 5.000000 4.989492 -0.010508 ;
0.617000 5.000000 4.989596 -0.010404 ;
0.618000 5.000000 4.989700 -0.010300 ;
0.619000 5.000000 4.989802 -0.010198 ;
0.620000 5.000000 4.989904 -0.010096 ;
0.621000 5.000000 4.990004 -0.009996 ;
0.622000 5.000000 4.990104 -0.009896 ;
0.623000 5.000000 4.990202 -0.009798 ;
0.624000 5.000000 4.990300 -0.009700 ;
0.625000 5.000000 4.990396 -0.009604 ;
0.626000 5.000000 4.990492 -0.009508 ;
0.627000 5.000000 4.990586 -0.009414 ;
0.628000 5.000000 4.990680 -0.009320 ;
0.629000 5.000000 4.990773 -0.009227 ;
0.630000 5.000000 4.990865 -0.009135 ;
0.631000 5.000000 4.990956 -0.009044 ;
0.632000 5.000000 4.991046 -0.008954 ;
0.633000 5.000000 4.991135 -0.008865 ;
0.634000 5.000000 4.991223 -0.008777 ;
0.635000 5.000000 4.991310 -0.008690 ;
0.636000 5.000000 4.991397 -0.008603 ;
0.637000 5.000000 4.991482 -0.008518 ;
0.638000 5.000000 4.991567 -0.008433 ;
0.639000 5.000000 4.991651 -0.008349 ;
0.640000 5.000000 4.991734 -0.008266 ;
0.641000 5.000000 4.991816 -0.008184 ;
0.642000 5.000000 4.991898 -0.008102 ;
0.643000 5.000000 4.991978 -0.008022 ;
0.644000 5.000000 4.992058 -0.007942 ;
0.645000 5.000000 4.992137 -0.007863 ;
0.646000 5.000000 4.992215 -0.007785 ;
0.647000 5.000000 4.992293 -0.007707 ;
0.648000 5.000000 4.992370 -0.007630 ;
0.649000 5.000000 4.992445 -0.007555 ;
0.650000 5.000000 4.992521 -0.007479 ;
0.651000 5.000000 4.992595 -0.007405 ;
0.652000 5.000000 4.992669 -0.007331 ;
0.653000 5.000000 4.992742 -0.007258 ;
0.654000 5.000000 4.992814 -0.007186 ;
0.655000 5.000000 4.992885 -0.007115 ;
0.656000 5.000000 4.992956 -0.007044 ;
0.657000 5.000000 4.993026 -0.006974 ;
0.658000 5.000000 4.993096 -0.006904 ;
0.659000 5.000000 4.993164 -0.006836 ;
0.660000 5.000000 4.993232 -0.006768 ;
0.661000 5.000000 4.993300 -0.006700 ;
0.662000 5.000000 4.993366 -0.006634 ;
0.663000 5.000000 4.993432 -0.006568 ;
0.664000 5.000000 4.993498 -0.006502 ;
0.665000 5.000000 4.993562 -0.006438 ;
0.666000 5.000000 4.993626 -0.006374 ;
0.667000 5.000000 4.993690 -0.006310 ;
0.668000 5.000000 4.993753 -0.006247 ;
0.669000 5.000000 4.993815 -0.006185 ;
0.670000 5.000000 4.993876 -0.006124 ;
0.671000 5.000000 4.993937 -0.006063 ;
0.672000 5.000000 4.993998 -0.006002 ;
0.673000 5.000000 4.994057 -0.005943 ;
0.674000 5.000000 4.994117 -0.005883 ;
0.675000 5.000000 4.994175 -0.005825 ;
0.676000 5.000000 4.994233 -0.005767 ;
0.677000 5.000000 4.994290 -0.005710 ;
0.678000 5.000000 4.994347 -0.005653 ;
0.679000 5.000000 4.994403 -0.005597 ;
0.680000 5.000000 4.994459 -0.005541 ;
0.681000 5.000000 4.994514 -0.005486 ;
0.682000 5.000000 4.994569 -0.005431 ;
0.683000 5.000000 4.994623 -0.005377 ;
0.684000 5.000000 4.994676 -0.005324 ;
0.685000 5.000000 4.994729 -0.005271 ;
0.686000 5.000000 4.994782 -0.005218 ;
0.687000 5.000000 4.994834 -0.005166 ;
0.688000 5.000000 4.994885 -0.005115 ;
0.689000 5.000000 4.994936 -0.005064 ;
0.690000 5.000000 4.994986 -0.005014 ;
0.691000 5.000000 4.995036 -0.004964 ;
0.692000 5.000000 4.995086 -0.004914 ;
0.693000 5.000000 4.995135 -0.004865 ;
0.694000 5.000000 4.995183 -0.004817 ;
0.695000 5.000000 4.995231 -0.004769 ;
0.696000 5.000000 4.995278 -0.004722 ;
0.697000 5.000000 4.995325 -0.004675 ;
0.698000 5.000000 4.995372 -0.004628 ;
0.699000 5.000000 4.995418 -0.004582 ;
0.700000 5.000000 4.995464 -0.004536 ;
0.701000 5.000000 4.995509 -0.004491 ;
0.702000 5.000000 4.995553 -0.004447 ;
0.703000 5.000000 4.995598 -0.004402 ;
0.704000 5.000000 4.995641 -0.004359 ;
0.705000 5.000000 4.995685 -0.004315 ;
0.706000 5.000000 4.995728 -0.004272 ;
0.707000 5.000000 4.995770 -0.004230 ;
0.708000 5.000000 4.995812 -0.004188 ;
0.709000 5.000000 4.995854 -0.004146 ;
0.710000 5.000000 4.995895 -0.004105 ;
0.711000 5.000000 4.995936 -0.004064 ;
0.712000 5.000000 4.995977 -0.004023 ;
0.713000 5.000000 4.996017 -0.003983 ;
0.714000 5.000000 4.996056 -0.003944 ;
0.715000 5.000000 4.996095 -0.003905 ;
0.716000 5.000000 4.996134 -0.003866 ;
0.717000 5.000000 4.996173 -0.003827 ;
0.718000 5.000000 4.996211 -0.003789 ;
0.719000 5.000000 4.996249 -0.003751 ;
0.720000 5.000000 4.996286 -0.003714 ;
0.721000 5.000000 4.996323 -0.003677 ;
0.722000 5.000000 4.996359 -0.003641 ;
0.723000 5.000000 4.996396 -0.003604 ;
0.724000 5.000000 4.996432 -0.003568 ;
0.725000 5.000000 4.996467 -0.003533 ;
0.726000 5.000000 4.996502 -0.003498 ;
0.727000 5.000000 4.996537 -0.003463 ;
0.728000 5.000000 4.996571 -0.003429 ;
0.729000 5.000000 4.996606 -0.003394 ;
0.730000 5.000000 4.996639 -0.003361 ;
0.731000 5.000000 4.996673 -0.003327 ;
0.732000 5.000000 4.996706 -0.003294 ;
0.733000 5.000000 4.996739 -0.003261 ;
0.734000 5.000000 4.996771 -0.003229 ;
0.735000 5.000000 4.996803 -0.003197 ;
0.736000 5.000000 4.996835 -0.003165 ;
0.737000 5.000000 4.996867 -0.003133 ;
0.738000 5.000000 4.996898 -0.003102 ;
0.739000 5.000000 4.996929 -0.003071 ;
0.740000 5.000000 4.996959 -0.003041 ;
0.741000 5.000000 4.996989 -0.003011 ;
0.742000 5.000000 4.997019 -0.002981 ;
0.743000 5.000000 4.997049 -0.002951 ;
0.744000 5.000000 4.997078 -0.002922 ;
0.745000 5.000000 4.997107 -0.002893 ;
0.746000 5.000000 4.997136 -0.002864 ;
0.747000 5.000000 4.997165 -0.002835 ;
0.748000 5.000000 4.997193 -0.002807 ;
0.749000 5.000000 4.997221 -0.002779 ;
0.750000 5.000000 4.997249 -0.002751 ;
0.751000 5.000000 4.997276 -0.002724 ;
0.752000 5.000000 4.997303 -0.002697 ;
0.753000 5.000000 4.997330 -0.002670 ;
0.754000 5.000000 4.997356 -0.002644 ;
0.755000 5.000000 4.997383 -0.002617 ;
0.756000 5.000000 4.997409 -0.002591 ;
0.757000 5.000000 4.997435 -0.002565 ;
0.758000 5.000000 4.997460 -0.002540 ;
0.759000 5.000000 4.997485 -0.002515 ;
0.760000 5.000000 4.997510 -0.002490 ;
0.761000 5.000000 4.997535 -0.002465 ;
0.762000 5.000000 4.997560 -0.002440 ;
0.763000 5.000000 4.997584 -0.002416 ;
0.764000 5.000000 4.997608 -0.002392 ;
0.765000 5.000000 4.997632 -0.002368 ;
0.766000 5.000000 4.997655 -0.002345 ;
0.767000 5.000000 4.997679 -0.002321 ;
0.768000 5.000000 4.997702 -0.002298 ;
0.769000 5.000000 4.997725 -0.002275 ;
0.770000 5.000000 4.997747 -0.002253 ;
0.771000 5.000000 4.997770 -0.002230 ;
0.772000 5.000000 4.997792 -0.002208 ;
0.773000 5.000000 4.997814 -0.002186 ;
0.774000 5.000000 4.997836 -0.002164 ;
0.775000 5.000000 4.997857 -0.002143 ;
0.776000 5.000000 4.997878 -0.002122 ;
0.777000 5.000000 4.997900 -0.002100 ;
0.778000 5.000000 4.997920 -0.002080 ;
0.779000 5.000000 4.997941 -0.002059 ;
0.780000 5.000000 4.997962 -0.002038 ;
0.781000 5.000000 4.997982 -0.002018 ;
0.782000 5.000000 4.998002 -0.001998 ;
0.783000 5.000000 4.998022 -0.001978 ;
0.784000 5.000000 4.998042 -0.001958 ;
0.785000 5.000000 4.998061 -0.001939 ;
0.786000 5.000000 4.998080 -0.001920 ;
0.787000 5.000000 4.998099 -0.001901 ;
0.788000 5.000000 4.998118 -0.001882 ;
0.789000 5.000000 4.998137 -0.001863 ;
0.790000 5.000000 4.998156 -0.001844 ;
0.791000 5.000000 4.998174 -0.001826 ;
0.792000 5.000000 4.998192 -0.001808 ;
0.793000 5.000000 4.998210 -0.001790 ;
0.794000 5.000000 4.998228 -0.001772 ;
0.795000 5.000000 4.998246 -0.001754 ;
0.796000 5.000000 4.998263 -0.001737 ;
0.797000 5.000000 4.998280 -0.001720 ;
0.798000 5.000000 4.998297 -0.001703 ;
0.799000 5.000000 4.998314 -0.001686 ;
0.800000 5.000000 4.998331 -0.001669 ;
0.801000 5.000000 4.998348 -0.001652 ;
0.802000 5.000000 4.998364 -0.001636 ;
0.803000 5.000000 4.998380 -0.001620 ;
0.804000 5.000000 4.998397 -0.001603 ;
0.805000 5.000000 4.998413 -0.001587 ;
0.806000 5.000000 4.998428 -0.001572 ;
0.807000 5.000000 4.998444 -0.001556 ;
0.808000 5.000000 4.998459 -0.001541 ;
0.809000 5.000000 4.998475 -0.001525 ;
0.810000 5.000000 4.998490 -0.001510 ;
0.811000 5.000000 4.998505 -0.001495 ;
0.812000 5.000000 4.998520 -0.001480 ;
0.813000 5.000000 4.998535 -0.001465 ;
0.814000 5.000000 4.998549 -0.001451 ;
0.815000 5.000000 4.998564 -0.001436 ;
0.816000 5.000000 4.998578 -0.001422 ;
0.817000 5.000000 4.998592 -0.001408 ;
0.818000 5.000000 4.998606 -0.001394 ;
0.819000 5.000000 4.998620 -0.001380 ;
0.820000 5.000000 4.998634 -0.001366 ;
0.821000 5.000000 4.998647 -0.001353 ;
0.822000 5.000000 4.998661 -0.001339 ;
0.823000 5.000000 4.998674 -0.001326 ;
0.824000 5.000000 4.998687 -0.001313 ;
0.825000 5.000000 4.998700 -0.001300 ;
0.826000 5.000000 4.998713 -0.001287 ;
0.827000 5.000000 4.998726 -0.001274 ;
0.828000 5.000000 4.998739 -0.001261 ;
0.829000 5.000000 4.998751 -0.001249 ;
0.830000 5.000000 4.998764 -0.001236 ;
0.831000 5.000000 4.998776 -0.001224 ;
0.832000 5.000000 4.998788 -0.001212 ;
0.833000 5.000000 4.998800 -0.001200 ;
0.834000 5.000000 4.998812 -0.001188 ;
0.835000 5.000000 4.998824 -0.001176 ;
0.836000 5.000000 4.998836 -0.001164 ;
0.837000 5.000000 4.998847 -0.001153 ;
0.838000 5.000000 4.998859 -0.001141 ;
0.839000 5.000000 4.998870 -0.001130 ;
0.840000 5.000000 4.998881 -0.001119 ;
0.841000 5.000000 4.998892 -0.001108 ;
0.842000 5.000000 4.998903 -0.001097 ;
0.843000 5.000000 4.998914 -0.001086 ;
0.844000 5.000000 4.998925 -0.001075 ;
0.845000 5.000000 4.998936 -0.001064 ;
0.846000 5.000000 4.998946 -0.001054 ;
0.847000 5.000000 4.998957 -0.001043 ;
0.848000 5.000000 4.998967 -0.001033 ;
0.849000 5.000000 4.998978 -0.001022 ;
0.850000 5.000000 4.998988 -0.001012 ;
0.851000 5.000000 4.998998 -0.001002 ;
0.852000 5.000000 4.999008 -0.000992 ;
0.853000 5.000000 4.999018 -0.000982 ;
0.854000 5.000000 4.999027 -0.000973 ;
0.855000 5.000000 4.999037 -0.000963 ;
0.856000 5.000000 4.999047 -0.000953 ;
0.857000 5.000000 4.999056 -0.000944 ;
0.858000 5.000000 4.999066 -0.000934 ;
0.859000 5.000000 4.999075 -0.000925 ;
0.860000 5.000000 4.999084 -0.000916 ;
0.861000 5.000000 4.999093 -0.000907 ;
0.862000 5.000000 4.999102 -0.000898 ;
0.863000 5.000000 4.999111 -0.000889 ;
0.864000 5.000000 4.999120 -0.000880 ;
0.865000 5.000000 4.999129 -0.000871 ;
0.866000 5.000000 4.999137 -0.000863 ;
0.867000 5.000000 4.999146 -0.000854 ;
0.868000 5.000000 4.999155 -0.000845 ;
0.869000 5.000000 4.999163 -0.000837 ;
0.870000 5.000000 4.999171 -0.000829 ;
0.871000 5.000000 4.999180 -0.000820 ;
0.872000 5.000000 4.999188 -0.000812 ;
0.873000 5.000000 4.999196 -0.000804 ;
0.874000 5.000000 4.999204 -0.000796 ;
0.875000 5.000000 4.999212 -0.000788 ;
0.876000 5.000000 4.999220 -0.000780 ;
0.877000 5.000000 4.999227 -0.000773 ;
0.878000 5.000000 4.999235 -0.000765 ;
0.879000 5.000000 4.999243 -0.000757 ;
0.880000 5.000000 4.999250 -0.000750 ;
0.881000 5.000000 4.999258 -0.000742 ;
0.882000 5.000000 4.999265 -0.000735 ;
0.883000 5.000000 4.999272 -0.000728 ;
0.884000 5.000000 4.999280 -0.000720 ;
0.885000 5.000000 4.999287 -0.000713 ;
0.886000 5.000000 4.999294 -0.000706 ;
0.887000 5.000000 4.999301 -0.000699 ;
0.888000 5.000000 4.999308 -0.000692 ;
0.889000 5.000000 4.999315 -0.000685 ;
0.890000 5.000000 4.999321 -0.000679 ;
0.891000 5.000000 4.999328 -0.000672 ;
0.892000 5.000000 4.999335 -0.000665 ;
0.893000 5.000000 4.999342 -0.000658 ;
0.894000 5.000000 4.999348 -0.000652 ;
0.895000 5.000000 4.999355 -0.000645 ;
0.896000 5.000000 4.999361 -0.000639 ;
0.897000 5.000000 4.999367 -0.000633 ;
0.898000 5.000000 4.999374 -0.000626 ;
0.899000 5.000000 4.999380 -0.000620 ;
0.900000 5.000000 4.999386 -0.000614 ;
0.901000 5.000000 4.999392 -0.000608 ;
0.902000 5.000000 4.999398 -0.000602 ;
0.903000 5.000000 4.999404 -0.000596 ;
0.904000 5.000000 4.999410 -0.000590 ;
0.905000 5.000000 4.999416 -0.000584 ;
0.906000 5.000000 4.999422 -0.000578 ;
0.907000 5.000000 4.999428 -0.000572 ;
0.908000 5.000000 4.999433 -0.000567 ;
0.909000 5.000000 4.999439 -0.000561 ;
0.910000 5.000000 4.999444 -0.000556 ;
0.911000 5.000000 4.999450 -0.000550 ;
0.912000 5.000000 4.999455 -0.000545 ;
0.913000 5.000000 4.999461 -0.000539 ;
0.914000 5.000000 4.999466 -0.000534 ;
0.915000 5.000000 4.999472 -0.000528 ;
0.916000 5.000000 4.999477 -0.000523 ;
0.917000 5.000000 4.999482 -0.000518 ;
0.918000 5.000000 4.999487 -0.000513 ;
0.919000 5.000000 4.999492 -0.000508 ;
0.920000 5.000000 4.999497 -0.000503 ;
0.921000 5.000000 4.999502 -0.000498 ;
0.922000 5.000000 4.999507 -0.000493 ;
0.923000 5.000000 4.999512 -0.000488 ;
0.924000 5.000000 4.999517 -0.000483 ;
0.925000 5.000000 4.999522 -0.000478 ;
0.926000 5.000000 4.999527 -0.000473 ;
0.927000 5.000000 4.999531 -0.000469 ;
0.928000 5.000000 4.999536 -0.000464 ;
0.929000 5.000000 4.999541 -0.000459 ;
0.930000 5.000000 4.999545 -0.000455 ;
0.931000 5.000000 4.999550 -0.000450 ;
0.932000 5.000000 4.999554 -0.000446 ;
0.933000 5.000000 4.999559 -0.000441 ;
0.934000 5.000000 4.999563 -0.000437 ;
0.935000 5.000000 4.999567 -0.000433 ;
0.936000 5.000000 4.999572 -0.000428 ;
0.937000 5.000000 4.999576 -0.000424 ;
0.938000 5.000000 4.999580 -0.000420 ;
0.939000 5.000000 4.999584 -0.000416 ;
0.940000 5.000000 4.999588 -0.000412 ;
0.941000 5.000000 4.999593 -0.000407 ;
0.942000 5.000000 4.999597 -0.000403 ;
0.943000 5.000000 4.999601 -0.000399 ;
0.944000 5.000000 4.999605 -0.000395 ;
0.945000 5.000000 4.999609 -0.000391 ;
0.946000 5.000000 4.999612 -0.000388 ;
0.947000 5.000000 4.999616 -0.000384 ;
0.948000 5.000000 4.999620 -0.000380 ;
0.949000 5.000000 4.999624 -0.000376 ;
0.950000 5.000000 4.999628 -0.000372 ;
0.951000 5.000000 4.999631 -0.000369 ;
0.952000 5.000000 4.999635 -0.000365 ;
0.953000 5.000000 4.999639 -0.000361 ;
0.954000 5.000000 4.999642 -0.000358 ;
0.955000 5.000000 4.999646 -0.000354 ;
0.956000 5.000000 4.999649 -0.000351 ;
0.957000 5.000000 4.999653 -0.000347 ;
0.958000 5.000000 4.999656 -0.000344 ;
0.959000 5.000000 4.999660 -0.000340 ;
0.960000 5.000000 4.999663 -0.000337 ;
0.961000 5.000000 4.999666 -0.000334 ;
0.962000 5.000000 4.999670 -0.000330 ;
0.963000 5.000000 4.999673 -0.000327 ;
0.964000 5.000000 4.999676 -0.000324 ;
0.965000 5.000000 4.999680 -0.000320 ;
0.966000 5.000000 4.999683 -0.000317 ;
0.967000 5.000000 4.999686 -0.000314 ;
0.968000 5.000000 4.999689 -0.000311 ;
0.969000 5.000000 4.999692 -0.000308 ;
0.970000 5.000000 4.999695 -0.000305 ;
0.971000 5.000000 4.999698 -0.000302 ;
0.972000 5.000000 4.999701 -0.000299 ;
0.973000 5.000000 4.999704 -0.000296 ;
0.974000 5.000000 4.999707 -0.000293 ;
0.975000 5.000000 4.999710 -0.000290 ;
0.976000 5.000000 4.999713 -0.000287 ;
0.977000 5.000000 4.999716 -0.000284 ;
0.978000 5.000000 4.999719 -0.000281 ;
0.979000 5.000000 4.999721 -0.000279 ;
0.980000 5.000000 4.999724 -0.000276 ;
0.981000 5.000000 4.999727 -0.000273 ;
0.982000 5.000000 4.999730 -0.000270 ;
0.983000 5.000000 4.999732 -0.000268 ;
0.984000 5.000000 4.999735 -0.000265 ;
0.985000 5.000000 4.999738 -0.000262 ;
0.986000 5.000000 4.999740 -0.000260 ;
0.987000 5.000000 4.999743 -0.000257 ;
0.988000 5.000000 4.999745 -0.000255 ;
0.989000 5.000000 4.999748 -0.000252 ;
0.990000 5.000000 4.999750 -0.000250 ;
0.991000 5.000000 4.999753 -0.000247 ;
0.992000 5.000000 4.999755 -0.000245 ;
0.993000 5.000000 4.999758 -0.000242 ;
0.994000 5.000000 4.999760 -0.000240 ;
0.995000 5.000000 4.999763 -0.000237 ;
0.996000 5.000000 4.999765 -0.000235 ;
0.997000 5.000000 4.999767 -0.000233 ;
0.998000 5.000000 4.999770 -0.000230 ;
